🔹 ENTORNO GENERADO 🔹
F F F H F F F F
S F F F F F F F
H F H F F F H F
F F H F H F F H
F F H G F H F F
F F F F F F F F
F F F F H F F F
F F F H F F F H

Inicio: (1, 0)
Meta: (4, 3)


=== Escenario 1 (Costo=1) ===
BFS path: [(1, 0), (1, 1), (1, 2), (1, 3), (2, 3), (3, 3), (4, 3)]
DFS path: [(1, 0), (0, 0), (0, 1), (0, 2), (1, 2), (1, 3), (1, 4), (0, 4), (0, 5), (0, 6), (0, 7), (1, 7), (1, 6), (1, 5), (2, 5), (3, 5), (3, 6), (4, 6), (4, 7), (5, 7), (6, 7), (6, 6), (5, 6), (5, 5), (5, 4), (4, 4), (4, 3)]
DLS(L=50) path: [(1, 0), (0, 0), (0, 1), (0, 2), (1, 2), (1, 3), (1, 4), (0, 4), (0, 5), (0, 6), (0, 7), (1, 7), (1, 6), (1, 5), (2, 5), (3, 5), (3, 6), (4, 6), (4, 7), (5, 7), (6, 7), (6, 6), (5, 6), (5, 5), (5, 4), (4, 4), (4, 3)]
DLS(L=75) path: [(1, 0), (0, 0), (0, 1), (0, 2), (1, 2), (1, 3), (1, 4), (0, 4), (0, 5), (0, 6), (0, 7), (1, 7), (1, 6), (1, 5), (2, 5), (3, 5), (3, 6), (4, 6), (4, 7), (5, 7), (6, 7), (6, 6), (5, 6), (5, 5), (5, 4), (4, 4), (4, 3)]
DLS(L=100) path: [(1, 0), (0, 0), (0, 1), (0, 2), (1, 2), (1, 3), (1, 4), (0, 4), (0, 5), (0, 6), (0, 7), (1, 7), (1, 6), (1, 5), (2, 5), (3, 5), (3, 6), (4, 6), (4, 7), (5, 7), (6, 7), (6, 6), (5, 6), (5, 5), (5, 4), (4, 4), (4, 3)]
UCS path: [(1, 0), (1, 1), (1, 2), (1, 3), (2, 3), (3, 3), (4, 3)]
A* path: [(1, 0), (1, 1), (1, 2), (1, 3), (2, 3), (3, 3), (4, 3)]

=== Escenario 2 (Izq/Der=1, Arr/Ab=10) ===
BFS path: [(1, 0), (1, 1), (1, 2), (1, 3), (2, 3), (3, 3), (4, 3)]
DFS path: [(1, 0), (0, 0), (0, 1), (0, 2), (1, 2), (1, 3), (1, 4), (0, 4), (0, 5), (0, 6), (0, 7), (1, 7), (1, 6), (1, 5), (2, 5), (3, 5), (3, 6), (4, 6), (4, 7), (5, 7), (6, 7), (6, 6), (5, 6), (5, 5), (5, 4), (4, 4), (4, 3)]
DLS(L=50) path: [(1, 0), (0, 0), (0, 1), (0, 2), (1, 2), (1, 3), (1, 4), (0, 4), (0, 5), (0, 6), (0, 7), (1, 7), (1, 6), (1, 5), (2, 5), (3, 5), (3, 6), (4, 6), (4, 7), (5, 7), (6, 7), (6, 6), (5, 6), (5, 5), (5, 4), (4, 4), (4, 3)]
DLS(L=75) path: [(1, 0), (0, 0), (0, 1), (0, 2), (1, 2), (1, 3), (1, 4), (0, 4), (0, 5), (0, 6), (0, 7), (1, 7), (1, 6), (1, 5), (2, 5), (3, 5), (3, 6), (4, 6), (4, 7), (5, 7), (6, 7), (6, 6), (5, 6), (5, 5), (5, 4), (4, 4), (4, 3)]
DLS(L=100) path: [(1, 0), (0, 0), (0, 1), (0, 2), (1, 2), (1, 3), (1, 4), (0, 4), (0, 5), (0, 6), (0, 7), (1, 7), (1, 6), (1, 5), (2, 5), (3, 5), (3, 6), (4, 6), (4, 7), (5, 7), (6, 7), (6, 6), (5, 6), (5, 5), (5, 4), (4, 4), (4, 3)]
UCS path: [(1, 0), (1, 1), (1, 2), (1, 3), (2, 3), (3, 3), (4, 3)]
A* path: [(1, 0), (1, 1), (1, 2), (1, 3), (2, 3), (3, 3), (4, 3)]
